{
 "cells": [
  {
   "cell_type": "markdown",
   "metadata": {},
   "source": [
    "# Code Original\n",
    "\n"
   ]
  },
  {
   "cell_type": "code",
   "execution_count": 2,
   "metadata": {},
   "outputs": [],
   "source": [
    "import tensorflow as tf\n",
    "import numpy as np\n",
    "\n",
    "class TBHCNN():\n",
    "    \"\"\"\n",
    "    Tight-binding Hamiltonian construction neural network\n",
    "    \"\"\"\n",
    "    def __init__(self):\n",
    "        \"\"\"\n",
    "        initialize TBHCNN class\n",
    "        \"\"\"\n",
    "        super(TBHCNN, self).__init__()\n",
    "        self.H_size_added = 0\n",
    "        \n",
    "    def read_training_set(self, references, kvectors):\n",
    "        \"\"\"\n",
    "        read ab-inirio reference band data (energies and k-vectors)\n",
    "        \n",
    "        numk: number of the k points per referebce band\n",
    "        numb: number of the reference bands\n",
    "        \n",
    "        Parameters\n",
    "        ----------\n",
    "\n",
    "        references: Variable(np.array) shape (numk, numb)\n",
    "          energy bands to be fitted\n",
    "        kvectors: Variable(np.array) shape (numk, 3)\n",
    "          k vectors of the band data\n",
    "        \"\"\"\n",
    "        \n",
    "        numk, numb = references.shape\n",
    "        \n",
    "        self.numb = numb\n",
    "        self.numk = numk\n",
    "        self.H_size_init = numb\n",
    "        self.H_size = numb\n",
    "        self.references = tf.constant(references, tf.float64)\n",
    "        self.K = tf.constant(kvectors, tf.complex64)\n",
    "\n",
    "    def define_TB_representation(self, rvectors_without_opposite):\n",
    "        \"\"\"\n",
    "        define the TB model desired by selecting the considered lattice vectors\n",
    "        \n",
    "        numr: number of the real-space Hamiltonians desired to be include \n",
    "        in the TB model in practice \n",
    "        \n",
    "        Parameters\n",
    "        ----------\n",
    "        rvectors_without_opposite: Variable(int np.array) shape ((numr+1)/2, 3)\n",
    "          lattice vectors of the real-space Hamiltonians without the opposite \n",
    "          vectores appearing at the same time.\n",
    "          \n",
    "        \"\"\"\n",
    "        len_rvector = rvectors_without_opposite.shape[0]\n",
    "        numr = 2 * len_rvector - 1\n",
    "        self.R = np.array([])\n",
    "        \n",
    "        for i in rvectors_without_opposite:\n",
    "            self.R = np.append(self.R, i)\n",
    "            if np.sum(np.abs(i)) != 0:\n",
    "                self.R = np.append(self.R, -1*i)\n",
    "                \n",
    "        self.numr = numr        \n",
    "        self.R = self.R.reshape(-1,3)\n",
    "        self.R = tf.cast(self.R, tf.complex64)\n",
    "        self.R_without_opposite = rvectors_without_opposite\n",
    "    def reinitialize(self):\n",
    "        \"\"\"\n",
    "        initialize/reinitialize the real-space Hamiltonian matrices\n",
    "    \n",
    "        \"\"\"\n",
    "        self.HR = []\n",
    "        self.H_size = self.H_size_init + self.H_size_added\n",
    "        \n",
    "        for i in self.R_without_opposite:\n",
    "            H_tmp = tf.cast(tf.Variable(tf.truncated_normal([self.H_size, self.H_size], mean=0.0, stddev=1.0,dtype=tf.float64)), dtype=tf.complex64)\n",
    "            \n",
    "            # Once we take into consideration the real-space Hamiltonian H(R=Ri), \n",
    "            # we must consider H(R=-Ri) also, which is the tranposed matrix of \n",
    "            # H(R=Ri), to ensure that calculated reciprocal-space Hamiltonian maintains Hermitian\n",
    "            if np.sum(np.abs(i)) != 0:\n",
    "                self.HR.append(H_tmp)\n",
    "                self.HR.append(tf.transpose(H_tmp))\n",
    "            else:\n",
    "                self.HR.append(H_tmp + tf.transpose(H_tmp)) #ensure that H(R=[0,0,0]) maintains symmetric  \n",
    "                \n",
    "        self.HR = tf.cast(self.HR, tf.complex64)\n",
    "                \n",
    "    def compute_bands(self):\n",
    "        \"\"\"\n",
    "        Using the real-space Hamiltonians considered to compute the k-space \n",
    "        Hamiltonians to compute the energy bands\n",
    "        \n",
    "        \"\"\"\n",
    "        reproduces = tf.zeros([self.numk,self.H_size], dtype=tf.float64)\n",
    "        for i in range(self.numk):\n",
    "            HK = tf.zeros([self.H_size, self.H_size], dtype = tf.complex64)\n",
    "            for j in range(self.numr):\n",
    "                HK += tf.scalar_mul(tf.exp(1j*tf.reduce_sum(self.K[i]*self.R[j])),self.HR[j])\n",
    "            e = tf.self_adjoint_eigvals(HK)\n",
    "            e = tf.cast(e, tf.float64)\n",
    "            e = tf.reshape(e,[1,self.H_size])\n",
    "            reproduces = reproduces + tf.scatter_nd([[i]], e, [self.numk,self.H_size])\n",
    "         \n",
    "        self.wholebandstructure = reproduces\n",
    "        \n",
    "        # the added bands will be placed above and/or below the references, \n",
    "        # and they will not be used for loss function computation\n",
    "        reproduces = reproduces[:, int(self.H_size_added/2):int(self.H_size_added//2)+self.numb]\n",
    "         \n",
    "        self.reproduces = reproduces\n",
    "        \n",
    "        return reproduces\n"
   ]
  },
  {
   "cell_type": "code",
   "execution_count": 8,
   "metadata": {},
   "outputs": [
    {
     "name": "stdout",
     "output_type": "stream",
     "text": [
      "initial loss value: 36.39620184\n",
      "steps:1000, loss:2.88087790\n",
      "steps:2000, loss:0.12955467\n",
      "steps:3000, loss:0.00302063\n",
      "steps:4000, loss:0.00039826\n",
      "steps:5000, loss:0.00032359\n",
      "steps:6000, loss:0.00031042\n",
      "steps:7000, loss:0.00030670\n",
      "steps:8000, loss:0.00030531\n",
      "steps:9000, loss:0.00030408\n",
      "steps:10000, loss:0.00030249\n",
      "initial loss value: 26.54685385\n",
      "steps:1000, loss:0.79280163\n",
      "steps:2000, loss:0.01748196\n",
      "steps:3000, loss:0.00095892\n",
      "steps:4000, loss:0.00015483\n",
      "steps:5000, loss:0.00006671\n",
      "steps:6000, loss:0.00004904\n",
      "steps:7000, loss:0.00004097\n",
      "steps:8000, loss:0.00003440\n",
      "steps:9000, loss:0.00002787\n",
      "steps:10000, loss:0.00002173\n",
      "initial loss value: 19.79847381\n",
      "steps:1000, loss:0.22160492\n",
      "steps:2000, loss:0.00509545\n",
      "steps:3000, loss:0.00050334\n",
      "steps:4000, loss:0.00012938\n",
      "steps:5000, loss:0.00005673\n",
      "steps:6000, loss:0.00002793\n",
      "steps:7000, loss:0.00001462\n",
      "final loss value: 0.00001000\n"
     ]
    }
   ],
   "source": [
    "\n",
    "\n",
    "# we take the example of the 13-atom-wide InSe\n",
    "\n",
    "# Define the tight-binding representation by selecting the real-space Hamiltonian considered\n",
    "\"\"\"\n",
    "Here, to ensure that the Hamiltonians with the opposite lattice vectors are always taken into consideration simultaneously, and they tranpose each other\n",
    "only one of each pair of the opposite lattice vectors should be included in the rvectors array, the other one will be handled automatically\n",
    "e.g., for this system, both np.array([[0,0,0],[0,0,1],]) and np.array([[0,0,0],[0,0,-1],]) represent the lattice vector set np.array([[0,0,0],[0,0,1],[0,0,-1]])\n",
    "and in the end we shall get the 3 real-space Hamiltonian matrices we actually used to build the tight-binding model\n",
    "\"\"\"\n",
    "rvectors_without_opposite = np.array([[0,0,0],[0,0,1],], dtype=np.int32) # in units of[a, b, c] (a, b, and c are the real-space basis vectors; [l, n, m] means the lattice vector l*a+n*b+m*c)\n",
    "\n",
    "# Energy bands data as references \n",
    "references = np.load(\"./data/input/InSe Nanoribbon/InSe-references.npy\")\n",
    "kvectors = np.load(\"./data/input/InSe Nanoribbon/InSe-kpoints.npy\") # in units of 1/2pi*[ak, bk, ck] (ak, bk, and ck are the corresponding k-space basis vectors; [l, n, m] means the k-vector (l/2pi)*ak+(n/2pi)*bk+(m/2pi)*ck)\n",
    "\n",
    "# Hyperparameters\n",
    "Optimizer = tf.train.AdamOptimizer(0.001)\n",
    "threshold = 1e-5\n",
    "max_training_steps = 10000\n",
    "basis_added_step = 2\n",
    "\n",
    "sess = tf.Session()\n",
    "\n",
    "def fitting(Optimizer, loss_threshold, max_train_steps, tbhcnn):\n",
    "    reproduces = tbhcnn.compute_bands() \n",
    "    loss = tf.reduce_mean(tf.square(reproduces-tbhcnn.references))\n",
    "    train = Optimizer.minimize(loss)\n",
    "    init = tf.global_variables_initializer()\n",
    "    sess.run (init)\n",
    "    train_steps = 0\n",
    "    print(\"initial loss value: %.8f\" % (sess.run(loss)))\n",
    "    while (sess.run(loss)>loss_threshold) and (train_steps < max_train_steps):\n",
    "        sess.run(train)\n",
    "        train_steps += 1\n",
    "        if train_steps%1000 == 0:\n",
    "            print(\"steps:%s, loss:%.8f\" % (train_steps, sess.run(loss)))\n",
    "    if sess.run(loss)>loss_threshold:\n",
    "        return False\n",
    "    else:\n",
    "        return tbhcnn.HR\n",
    "     \n",
    "def main():\n",
    "    tbhcnn = TBHCNN()\n",
    "    tbhcnn.read_training_set(references, kvectors)\n",
    "    tbhcnn.define_TB_representation(rvectors_without_opposite)\n",
    "    tbhcnn.reinitialize()\n",
    "    \n",
    "    finished = fitting(Optimizer, threshold , max_training_steps, tbhcnn)\n",
    "    \n",
    "    while finished == False:\n",
    "        tbhcnn.H_size_added += basis_added_step\n",
    "        tbhcnn.reinitialize()\n",
    "        finished = fitting(Optimizer, threshold , max_training_steps, tbhcnn)\n",
    "        \n",
    "    # output the trained real-space Hamiltonians, their corresponding lattice vectors, their computed \n",
    "    # bandstructure, and their reproduction of the reference bands\n",
    "    \n",
    "    Resulting_Hamiltonian = sess.run(tf.cast(finished, tf.float64))\n",
    "    Rvectors_of_the_resulting_hamiltonian = sess.run(tf.cast(tbhcnn.R, tf.int32))\n",
    "    Reproduced_TB_bandstructure = sess.run(tbhcnn.wholebandstructure)\n",
    "    Reproduced_TB_bands = sess.run(tbhcnn.reproduces)\n",
    "            \n",
    "    \n",
    "    \n",
    "    print(\"final loss value: %.8f\" % sess.run(tf.reduce_mean(tf.square(tbhcnn.reproduces-tbhcnn.references))))\n",
    "\n",
    "    sess.close()\n",
    "    return(Reproduced_TB_bands,Resulting_Hamiltonian,Rvectors_of_the_resulting_hamiltonian,Reproduced_TB_bandstructure)\n",
    "    \n",
    "Reproduced_TB_bands,Resulting_Hamiltonian,Rvectors_of_the_resulting_hamiltonian,Reproduced_TB_bandstructure=main()"
   ]
  },
  {
   "cell_type": "code",
   "execution_count": 17,
   "metadata": {},
   "outputs": [
    {
     "name": "stdout",
     "output_type": "stream",
     "text": [
      "(26, 14)\n",
      "[[[-0.46822459 -0.91871256 -0.51624471 -0.67538548 -1.29394293\n",
      "   -1.57007265  1.43562424 -0.39362639  0.44154501  0.00313032\n",
      "   -0.44659418  0.64712501 -0.73469472 -0.05468503  0.39052862\n",
      "   -1.92711425 -0.13936874 -0.25820035]\n",
      "  [-0.91871256  3.03762865 -0.11425591  1.07948077 -0.34409755\n",
      "   -0.50983673 -0.7339496   1.45269156 -0.52347803  1.32478201\n",
      "    1.06833029 -0.06544167  0.90685558 -1.37746501 -0.91175878\n",
      "    0.51795065 -0.54499197  0.13295613]\n",
      "  [-0.51624471 -0.11425591  0.6226244   0.57222182 -1.69607949\n",
      "   -0.16050333  1.45566177 -0.82714319  1.02139843 -1.0117929\n",
      "   -0.83520937 -0.03090744 -0.40628821  1.0107553   0.12884288\n",
      "   -1.48221481  0.48079658  0.17252484]\n",
      "  [-0.67538548  1.07948077  0.57222182  2.01592517  0.1758934\n",
      "   -0.29848391 -0.02960974 -0.01107156 -0.8466807   0.53537035\n",
      "   -0.63937163 -1.30969679  1.08330107 -0.89568102 -1.18217504\n",
      "   -0.02934593  1.11165953  1.27508569]\n",
      "  [-1.29394293 -0.34409755 -1.69607949  0.1758934  -2.50847507\n",
      "   -0.89536208 -0.24685788 -1.08556068  0.77787077 -1.32890594\n",
      "   -1.23723555 -0.37420893 -0.88090944 -0.15950516  1.18652558\n",
      "   -2.76527214  0.09203778  0.74782026]\n",
      "  [-1.57007265 -0.50983673 -0.16050333 -0.29848391 -0.89536208\n",
      "   -2.33939505  0.39182496 -0.82874632 -0.16468292  2.00155258\n",
      "   -1.66597724  1.42881989  0.97934365 -3.02957892  0.07677245\n",
      "   -2.46830606  0.14590335 -0.53926706]\n",
      "  [ 1.43562424 -0.7339496   1.45566177 -0.02960974 -0.24685788\n",
      "    0.39182496  2.26595759 -0.34837684  0.12444952  0.62325913\n",
      "   -0.37902141  0.6668179   1.53329623 -0.65198553 -0.22070253\n",
      "    0.93630558  0.4179123  -0.41465458]\n",
      "  [-0.39362639  1.45269156 -0.82714319 -0.01107156 -1.08556068\n",
      "   -0.82874632 -0.34837684  2.65462708  0.04668534  0.27345598\n",
      "    1.73180628 -0.90370941 -0.45698732  1.26360667  0.49671954\n",
      "    0.28200299 -0.98159611  0.95824921]\n",
      "  [ 0.44154501 -0.52347803  1.02139843 -0.8466807   0.77787077\n",
      "   -0.16468292  0.12444952  0.04668534  1.24981868  0.86081707\n",
      "    0.56054771  0.96096611 -0.18524474  0.06056694  0.01101156\n",
      "    0.32751876 -0.25399113 -0.92059267]\n",
      "  [ 0.00313032  1.32478201 -1.0117929   0.53537035 -1.32890594\n",
      "    2.00155258  0.62325913  0.27345598  0.86081707 -0.91809678\n",
      "    0.27384579 -1.21115887 -1.42334318  3.01178503  0.23604469\n",
      "    0.42945939  0.43814242  0.95494533]\n",
      "  [-0.44659418  1.06833029 -0.83520937 -0.63937163 -1.23723555\n",
      "   -1.66597724 -0.37902141  1.73180628  0.56054771  0.27384579\n",
      "    2.00304222  0.28660282  0.10019848  0.317577    0.65137899\n",
      "   -0.71737248 -0.87876028  0.69883007]\n",
      "  [ 0.64712501 -0.06544167 -0.03090744 -1.30969679 -0.37420893\n",
      "    1.42881989  0.6668179  -0.90370941  0.96096611 -1.21115887\n",
      "    0.28660282  1.62894678 -1.13392627  1.46345401  0.83580148\n",
      "    0.06316507 -0.88906318 -1.10282886]\n",
      "  [-0.73469472  0.90685558 -0.40628821  1.08330107 -0.88090944\n",
      "    0.97934365  1.53329623 -0.45698732 -0.18524474 -1.42334318\n",
      "    0.10019848 -1.13392627  0.53121328  1.85181797 -0.19031902\n",
      "   -0.01669306  0.76648247  1.1177969 ]\n",
      "  [-0.05468503 -1.37746501  1.0107553  -0.89568102 -0.15950516\n",
      "   -3.02957892 -0.65198553  1.26360667  0.06056694  3.01178503\n",
      "    0.317577    1.46345401  1.85181797 -0.51861352  0.82108468\n",
      "   -0.72838372 -1.16887498 -0.40822592]\n",
      "  [ 0.39052862 -0.91175878  0.12884288 -1.18217504  1.18652558\n",
      "    0.07677245 -0.22070253  0.49671954  0.01101156  0.23604469\n",
      "    0.65137899  0.83580148 -0.19031902  0.82108468  1.75120914\n",
      "    0.05496783 -0.16057506 -0.12074077]\n",
      "  [-1.92711425  0.51795065 -1.48221481 -0.02934593 -2.76527214\n",
      "   -2.46830606  0.93630558  0.28200299  0.32751876  0.42945939\n",
      "   -0.71737248  0.06316507 -0.01669306 -0.72838372  0.05496783\n",
      "   -2.61077571 -0.31834951  0.3656171 ]\n",
      "  [-0.13936874 -0.54499197  0.48079658  1.11165953  0.09203778\n",
      "    0.14590335  0.4179123  -0.98159611 -0.25399113  0.43814242\n",
      "   -0.87876028 -0.88906318  0.76648247 -1.16887498 -0.16057506\n",
      "   -0.31834951  2.6901021   0.68125576]\n",
      "  [-0.25820035  0.13295613  0.17252484  1.27508569  0.74782026\n",
      "   -0.53926706 -0.41465458  0.95824921 -0.92059267  0.95494533\n",
      "    0.69883007 -1.10282886  1.1177969  -0.40822592 -0.12074077\n",
      "    0.3656171   0.68125576  1.60557497]]\n",
      "\n",
      " [[ 0.71679848  1.17035377  0.03747345 -0.19933435 -1.07046223\n",
      "   -1.02205157 -0.70436341 -0.34959427  0.18010394  0.30068427\n",
      "   -0.56459558 -0.18978062  0.60610092 -0.86829638 -0.00958821\n",
      "    0.11309918 -0.32133323  0.28614223]\n",
      "  [ 0.25584775 -0.33661574  0.26715171  0.05492925  0.35450584\n",
      "    0.49326774  0.32462054 -0.28037897  0.12456402 -0.35251987\n",
      "   -0.43547973  0.21873072 -0.22198161  0.1420445  -0.22869232\n",
      "    0.24057607  0.61179179 -0.18862759]\n",
      "  [-0.17904596  0.73381943 -0.33445311  0.83956319 -0.97394133\n",
      "   -0.63922578 -0.71787858  0.55172497 -0.20914464  0.55362672\n",
      "    0.2142363  -0.74032271  0.72454458 -0.80799091 -0.08785748\n",
      "    0.1493689   0.35167527  0.89862388]\n",
      "  [-0.14556381 -1.25697911  0.15934819 -0.10874762 -0.41340384\n",
      "   -1.33806968  0.26818895 -0.08653671 -0.15011558  0.8325628\n",
      "   -0.98446727 -0.03857543  0.62629992 -0.31650105  0.61915982\n",
      "   -1.02158165  0.62856293  0.66842794]\n",
      "  [ 1.44368267  0.13803297 -0.35655847 -0.29175979 -0.81350708\n",
      "    0.91260248 -1.29493463 -0.93685114  0.6409834  -0.52282572\n",
      "   -0.90444469  0.07413948  0.21355747 -0.42428282  0.7013641\n",
      "    0.56038791 -0.3879095  -0.2943109 ]\n",
      "  [ 1.16557574 -0.28088844  0.46512941 -1.76959264  0.20376028\n",
      "   -1.29223335 -0.32696569 -0.23055248 -0.44478062  0.65170938\n",
      "   -1.06021237  0.50687957  0.4264434  -0.25122482  0.7840324\n",
      "    0.52939647  0.43977368  0.79447806]\n",
      "  [-1.01969945  1.02935624 -0.08176064  0.76045722 -0.23321392\n",
      "   -1.52755034  0.34814948  1.77641547 -0.69784057  1.51178503\n",
      "    1.29137921 -1.0893358   1.08198965  0.57919264 -0.53796369\n",
      "    0.71865994  0.56898469  1.10920155]\n",
      "  [-0.03477272  1.00160193 -0.48282456  1.00406969 -0.83891052\n",
      "    0.94664931 -0.21055402 -0.33675995  0.46349671 -0.90980357\n",
      "   -0.11642198 -0.55674881  0.19047372 -0.65437299 -0.7715897\n",
      "   -0.07927602  0.13899483 -0.45927531]\n",
      "  [ 0.06236195  0.48334035 -0.03560138 -0.76339114  0.43958849\n",
      "    0.28611189  0.0442819   0.43588236 -0.16341738 -0.11369641\n",
      "    0.43505895  0.1726594  -0.133875    0.80165482 -0.05767835\n",
      "    0.71798033 -0.44292584 -0.155867  ]\n",
      "  [-0.30261639  0.88866365 -0.70694548  1.51352525 -1.1611768\n",
      "   -0.06013951 -1.00701714  0.9827109   0.81095988  0.01247257\n",
      "    0.87797898 -0.77702421  1.06361985 -0.929896   -0.20755483\n",
      "   -0.29688019 -0.42038798  0.01401445]\n",
      "  [ 0.61798507  1.33994174  0.08662966  0.24989858 -0.49758103\n",
      "    0.24554133 -1.15353632  0.1770307   0.65035123 -0.30708653\n",
      "    0.3980386   0.13892609  0.10477504 -0.86191112 -0.33370811\n",
      "    0.54956782 -0.9755767  -0.41508195]\n",
      "  [-0.44692406  1.23957253 -0.09798348  0.49968776 -0.7212553\n",
      "   -0.35341603 -0.44329739  0.67308837  0.10495016 -0.02154566\n",
      "    0.62564266  0.1539267   0.15590307 -0.48102248 -0.64779562\n",
      "    0.40195903 -0.88792861 -0.21310644]\n",
      "  [-0.39010414 -0.32562032 -0.24332765  0.93852139 -0.82947975\n",
      "   -1.20930552 -0.717354    1.00955248  0.05776757  1.09483886\n",
      "    0.75067812 -0.15004475  1.09490085 -1.17153132  0.5788815\n",
      "   -0.45591348 -0.27583686  0.38254005]\n",
      "  [ 0.3774018   1.09385407  0.77956873 -0.61812544  0.50787568\n",
      "    0.17855898  0.045947    0.08677816 -0.32074061 -0.02871119\n",
      "   -0.01964943  0.28482968 -0.17752193  0.05723439 -0.88294971\n",
      "    0.92471999 -0.08991569 -0.10242213]\n",
      "  [-0.56010115  0.30086848 -0.22404335  0.13492152 -0.2054919\n",
      "    0.93776798  0.47480434 -0.61671144 -0.07459882 -0.66369349\n",
      "   -0.60301578  0.33340016 -0.74046344  0.3020514  -0.61742508\n",
      "    0.23410451  0.06906195 -0.54482543]\n",
      "  [ 1.35032988  0.79125386 -0.07236616 -0.53903687 -0.74819541\n",
      "   -0.65399992 -1.47796655 -0.07587986  0.3120459   0.62507361\n",
      "   -0.57259142  0.0381588   0.81230998 -0.98023629  0.52470458\n",
      "    0.5109579  -0.42245141  0.28283927]\n",
      "  [-0.24535553 -0.89663392  0.35189089  0.08630385  0.50664145\n",
      "   -1.03451705  0.13303564  0.28206781 -0.50828618  0.65147048\n",
      "    0.07599688 -0.18972653  0.29033446  0.23326199  0.35221973\n",
      "   -0.28581491  0.68249965  1.11632884]\n",
      "  [-0.17555594 -0.75497216 -0.16836509 -0.08476244 -0.11194175\n",
      "    0.73833269  0.93665153 -0.2375351   0.47961438 -0.94674224\n",
      "    0.01611815 -0.16340131 -0.34439495  0.74796557  0.1038155\n",
      "   -0.22481179  0.36439115 -0.48369807]]\n",
      "\n",
      " [[ 0.71679848  0.25584775 -0.17904596 -0.14556381  1.44368267\n",
      "    1.16557574 -1.01969945 -0.03477272  0.06236195 -0.30261639\n",
      "    0.61798507 -0.44692406 -0.39010414  0.3774018  -0.56010115\n",
      "    1.35032988 -0.24535553 -0.17555594]\n",
      "  [ 1.17035377 -0.33661574  0.73381943 -1.25697911  0.13803297\n",
      "   -0.28088844  1.02935624  1.00160193  0.48334035  0.88866365\n",
      "    1.33994174  1.23957253 -0.32562032  1.09385407  0.30086848\n",
      "    0.79125386 -0.89663392 -0.75497216]\n",
      "  [ 0.03747345  0.26715171 -0.33445311  0.15934819 -0.35655847\n",
      "    0.46512941 -0.08176064 -0.48282456 -0.03560138 -0.70694548\n",
      "    0.08662966 -0.09798348 -0.24332765  0.77956873 -0.22404335\n",
      "   -0.07236616  0.35189089 -0.16836509]\n",
      "  [-0.19933435  0.05492925  0.83956319 -0.10874762 -0.29175979\n",
      "   -1.76959264  0.76045722  1.00406969 -0.76339114  1.51352525\n",
      "    0.24989858  0.49968776  0.93852139 -0.61812544  0.13492152\n",
      "   -0.53903687  0.08630385 -0.08476244]\n",
      "  [-1.07046223  0.35450584 -0.97394133 -0.41340384 -0.81350708\n",
      "    0.20376028 -0.23321392 -0.83891052  0.43958849 -1.1611768\n",
      "   -0.49758103 -0.7212553  -0.82947975  0.50787568 -0.2054919\n",
      "   -0.74819541  0.50664145 -0.11194175]\n",
      "  [-1.02205157  0.49326774 -0.63922578 -1.33806968  0.91260248\n",
      "   -1.29223335 -1.52755034  0.94664931  0.28611189 -0.06013951\n",
      "    0.24554133 -0.35341603 -1.20930552  0.17855898  0.93776798\n",
      "   -0.65399992 -1.03451705  0.73833269]\n",
      "  [-0.70436341  0.32462054 -0.71787858  0.26818895 -1.29493463\n",
      "   -0.32696569  0.34814948 -0.21055402  0.0442819  -1.00701714\n",
      "   -1.15353632 -0.44329739 -0.717354    0.045947    0.47480434\n",
      "   -1.47796655  0.13303564  0.93665153]\n",
      "  [-0.34959427 -0.28037897  0.55172497 -0.08653671 -0.93685114\n",
      "   -0.23055248  1.77641547 -0.33675995  0.43588236  0.9827109\n",
      "    0.1770307   0.67308837  1.00955248  0.08677816 -0.61671144\n",
      "   -0.07587986  0.28206781 -0.2375351 ]\n",
      "  [ 0.18010394  0.12456402 -0.20914464 -0.15011558  0.6409834\n",
      "   -0.44478062 -0.69784057  0.46349671 -0.16341738  0.81095988\n",
      "    0.65035123  0.10495016  0.05776757 -0.32074061 -0.07459882\n",
      "    0.3120459  -0.50828618  0.47961438]\n",
      "  [ 0.30068427 -0.35251987  0.55362672  0.8325628  -0.52282572\n",
      "    0.65170938  1.51178503 -0.90980357 -0.11369641  0.01247257\n",
      "   -0.30708653 -0.02154566  1.09483886 -0.02871119 -0.66369349\n",
      "    0.62507361  0.65147048 -0.94674224]\n",
      "  [-0.56459558 -0.43547973  0.2142363  -0.98446727 -0.90444469\n",
      "   -1.06021237  1.29137921 -0.11642198  0.43505895  0.87797898\n",
      "    0.3980386   0.62564266  0.75067812 -0.01964943 -0.60301578\n",
      "   -0.57259142  0.07599688  0.01611815]\n",
      "  [-0.18978062  0.21873072 -0.74032271 -0.03857543  0.07413948\n",
      "    0.50687957 -1.0893358  -0.55674881  0.1726594  -0.77702421\n",
      "    0.13892609  0.1539267  -0.15004475  0.28482968  0.33340016\n",
      "    0.0381588  -0.18972653 -0.16340131]\n",
      "  [ 0.60610092 -0.22198161  0.72454458  0.62629992  0.21355747\n",
      "    0.4264434   1.08198965  0.19047372 -0.133875    1.06361985\n",
      "    0.10477504  0.15590307  1.09490085 -0.17752193 -0.74046344\n",
      "    0.81230998  0.29033446 -0.34439495]\n",
      "  [-0.86829638  0.1420445  -0.80799091 -0.31650105 -0.42428282\n",
      "   -0.25122482  0.57919264 -0.65437299  0.80165482 -0.929896\n",
      "   -0.86191112 -0.48102248 -1.17153132  0.05723439  0.3020514\n",
      "   -0.98023629  0.23326199  0.74796557]\n",
      "  [-0.00958821 -0.22869232 -0.08785748  0.61915982  0.7013641\n",
      "    0.7840324  -0.53796369 -0.7715897  -0.05767835 -0.20755483\n",
      "   -0.33370811 -0.64779562  0.5788815  -0.88294971 -0.61742508\n",
      "    0.52470458  0.35221973  0.1038155 ]\n",
      "  [ 0.11309918  0.24057607  0.1493689  -1.02158165  0.56038791\n",
      "    0.52939647  0.71865994 -0.07927602  0.71798033 -0.29688019\n",
      "    0.54956782  0.40195903 -0.45591348  0.92471999  0.23410451\n",
      "    0.5109579  -0.28581491 -0.22481179]\n",
      "  [-0.32133323  0.61179179  0.35167527  0.62856293 -0.3879095\n",
      "    0.43977368  0.56898469  0.13899483 -0.44292584 -0.42038798\n",
      "   -0.9755767  -0.88792861 -0.27583686 -0.08991569  0.06906195\n",
      "   -0.42245141  0.68249965  0.36439115]\n",
      "  [ 0.28614223 -0.18862759  0.89862388  0.66842794 -0.2943109\n",
      "    0.79447806  1.10920155 -0.45927531 -0.155867    0.01401445\n",
      "   -0.41508195 -0.21310644  0.38254005 -0.10242213 -0.54482543\n",
      "    0.28283927  1.11632884 -0.48369807]]]\n",
      "[[ 0  0  0]\n",
      " [ 0  0  1]\n",
      " [ 0  0 -1]]\n",
      "(26, 18)\n"
     ]
    }
   ],
   "source": [
    "print(Reproduced_TB_bands.shape)\n",
    "print(Resulting_Hamiltonian)\n",
    "print(Rvectors_of_the_resulting_hamiltonian)\n",
    "print(Reproduced_TB_bandstructure.shape)"
   ]
  },
  {
   "cell_type": "code",
   "execution_count": 12,
   "metadata": {},
   "outputs": [
    {
     "data": {
